<shapes type=list>
	<ruler.pixel type=vector names=FALSE length=1 as.numeric=TRUE >86.3496594166935</ruler.pixel>
	<ruler.interval type=vector names=FALSE length=1 as.numeric=TRUE >1</ruler.interval>
	<scaling.units type=vector names=FALSE length=1 as.numeric=FALSE >cm</scaling.units>
	<scaling type=vector names=FALSE length=1 as.numeric=TRUE >0.0115808215892821</scaling>
	<landmarks.pixel type=matrix rownames=TRUE colnames=FALSE nrow=2 ncol=2 as.numeric=TRUE >
		LM01	256	65
		LM02	240	15
	</landmarks.pixel>
	<landmarks.scaled type=matrix rownames=TRUE colnames=FALSE nrow=2 ncol=2 as.numeric=TRUE >
		LM01	2.96469032685622	-0.752753403303337
		LM02	2.7793971814277	-0.173712323839232
	</landmarks.scaled>
	<curves.control type=list>
		<curveLM03 type=matrix rownames=FALSE colnames=FALSE nrow=7 ncol=2 as.numeric=TRUE >
			256	65
			266	55
			288	66
			298	61
			302	54
			299	43
			240	15
		</curveLM03>
	</curves.control>
	<curves.pixel type=list>
		<curveLM03 type=matrix rownames=FALSE colnames=FALSE nrow=119 ncol=2 as.numeric=TRUE >
			256	65
			257	64
			258	63
			259	63
			260	62
			261	61
			262	61
			263	61
			264	61
			265	60
			266	60
			267	60
			268	60
			269	60
			270	60
			271	60
			272	61
			273	61
			274	61
			275	61
			276	61
			277	61
			277	62
			278	62
			279	62
			280	63
			281	63
			282	63
			283	64
			284	64
			285	65
			286	65
			287	66
			288	66
			289	66
			289	65
			290	65
			291	65
			291	64
			292	64
			293	63
			294	62
			295	62
			295	61
			296	61
			297	60
			298	60
			298	59
			299	58
			300	57
			301	56
			301	55
			302	54
			302	53
			301	52
			300	51
			299	50
			298	49
			297	48
			296	47
			295	46
			294	45
			293	44
			292	44
			291	43
			290	42
			289	41
			288	41
			287	40
			286	39
			285	39
			284	38
			283	38
			282	37
			281	37
			281	36
			280	35
			279	35
			278	34
			277	34
			276	33
			275	33
			274	32
			273	32
			272	31
			271	31
			270	30
			269	29
			268	29
			267	28
			266	28
			265	28
			265	27
			264	27
			263	27
			263	26
			262	26
			261	25
			260	25
			259	24
			258	24
			257	23
			256	23
			255	22
			254	22
			253	22
			252	21
			251	20
			250	20
			249	19
			248	19
			247	18
			246	18
			245	17
			244	17
			243	17
			242	16
			241	15
			240	15
		</curveLM03>
	</curves.pixel>
	<curves.scaled type=list>
		<curveLM03 type=matrix rownames=FALSE colnames=FALSE nrow=119 ncol=2 as.numeric=TRUE >
			2.96469032685622	-0.752753403303337
			2.9762711484455	-0.741172581714054
			2.98785197003478	-0.729591760124772
			2.99943279162406	-0.729591760124772
			3.01101361321335	-0.71801093853549
			3.02259443480263	-0.706430116946208
			3.03417525639191	-0.706430116946208
			3.04575607798119	-0.706430116946208
			3.05733689957047	-0.706430116946208
			3.06891772115976	-0.694849295356926
			3.08049854274904	-0.694849295356926
			3.09207936433832	-0.694849295356926
			3.1036601859276	-0.694849295356926
			3.11524100751689	-0.694849295356926
			3.12682182910617	-0.694849295356926
			3.13840265069545	-0.694849295356926
			3.14998347228473	-0.706430116946208
			3.16156429387401	-0.706430116946208
			3.1731451154633	-0.706430116946208
			3.18472593705258	-0.706430116946208
			3.19630675864186	-0.706430116946208
			3.20788758023114	-0.706430116946208
			3.20788758023114	-0.71801093853549
			3.21946840182042	-0.71801093853549
			3.23104922340971	-0.71801093853549
			3.24263004499899	-0.729591760124772
			3.25421086658827	-0.729591760124772
			3.26579168817755	-0.729591760124772
			3.27737250976683	-0.741172581714054
			3.28895333135612	-0.741172581714054
			3.3005341529454	-0.752753403303337
			3.31211497453468	-0.752753403303337
			3.32369579612396	-0.764334224892619
			3.33527661771324	-0.764334224892619
			3.34685743930253	-0.764334224892619
			3.34685743930253	-0.752753403303337
			3.35843826089181	-0.752753403303337
			3.37001908248109	-0.752753403303337
			3.37001908248109	-0.741172581714054
			3.38159990407037	-0.741172581714054
			3.39318072565966	-0.729591760124772
			3.40476154724894	-0.71801093853549
			3.41634236883822	-0.71801093853549
			3.41634236883822	-0.706430116946208
			3.4279231904275	-0.706430116946208
			3.43950401201678	-0.694849295356926
			3.45108483360607	-0.694849295356926
			3.45108483360607	-0.683268473767644
			3.46266565519535	-0.671687652178362
			3.47424647678463	-0.66010683058908
			3.48582729837391	-0.648526008999798
			3.48582729837391	-0.636945187410516
			3.49740811996319	-0.625364365821233
			3.49740811996319	-0.613783544231951
			3.48582729837391	-0.602202722642669
			3.47424647678463	-0.590621901053387
			3.46266565519535	-0.579041079464105
			3.45108483360607	-0.567460257874823
			3.43950401201678	-0.555879436285541
			3.4279231904275	-0.544298614696259
			3.41634236883822	-0.532717793106977
			3.40476154724894	-0.521136971517695
			3.39318072565966	-0.509556149928412
			3.38159990407037	-0.509556149928412
			3.37001908248109	-0.49797532833913
			3.35843826089181	-0.486394506749848
			3.34685743930253	-0.474813685160566
			3.33527661771324	-0.474813685160566
			3.32369579612396	-0.463232863571284
			3.31211497453468	-0.451652041982002
			3.3005341529454	-0.451652041982002
			3.28895333135612	-0.44007122039272
			3.27737250976683	-0.44007122039272
			3.26579168817755	-0.428490398803438
			3.25421086658827	-0.428490398803438
			3.25421086658827	-0.416909577214156
			3.24263004499899	-0.405328755624874
			3.23104922340971	-0.405328755624874
			3.21946840182042	-0.393747934035591
			3.20788758023114	-0.393747934035591
			3.19630675864186	-0.382167112446309
			3.18472593705258	-0.382167112446309
			3.1731451154633	-0.370586290857027
			3.16156429387401	-0.370586290857027
			3.14998347228473	-0.359005469267745
			3.13840265069545	-0.359005469267745
			3.12682182910617	-0.347424647678463
			3.11524100751689	-0.335843826089181
			3.1036601859276	-0.335843826089181
			3.09207936433832	-0.324263004499899
			3.08049854274904	-0.324263004499899
			3.06891772115976	-0.324263004499899
			3.06891772115976	-0.312682182910617
			3.05733689957047	-0.312682182910617
			3.04575607798119	-0.312682182910617
			3.04575607798119	-0.301101361321335
			3.03417525639191	-0.301101361321335
			3.02259443480263	-0.289520539732052
			3.01101361321335	-0.289520539732052
			2.99943279162406	-0.27793971814277
			2.98785197003478	-0.27793971814277
			2.9762711484455	-0.266358896553488
			2.96469032685622	-0.266358896553488
			2.95310950526694	-0.254778074964206
			2.94152868367765	-0.254778074964206
			2.92994786208837	-0.254778074964206
			2.91836704049909	-0.243197253374924
			2.90678621890981	-0.231616431785642
			2.89520539732053	-0.231616431785642
			2.88362457573124	-0.22003561019636
			2.87204375414196	-0.22003561019636
			2.86046293255268	-0.208454788607078
			2.8488821109634	-0.208454788607078
			2.83730128937411	-0.196873967017796
			2.82572046778483	-0.196873967017796
			2.81413964619555	-0.196873967017796
			2.80255882460627	-0.185293145428514
			2.79097800301699	-0.173712323839232
			2.7793971814277	-0.173712323839232
		</curveLM03>
	</curves.scaled>
	<ruler.points type=matrix rownames=TRUE colnames=FALSE nrow=4 ncol=2 as.numeric=TRUE >
		Ruler point 1	125	509
		Ruler point 2	210	508
		Ruler point 3	299	509
		Ruler point 4	384	509
	</ruler.points>
</shapes>

