<shapes type=list>
	<ruler.pixel type=vector names=FALSE length=1 as.numeric=TRUE >86.5032501026407</ruler.pixel>
	<ruler.interval type=vector names=FALSE length=1 as.numeric=TRUE >1</ruler.interval>
	<scaling.units type=vector names=FALSE length=1 as.numeric=FALSE >cm</scaling.units>
	<scaling type=vector names=FALSE length=1 as.numeric=TRUE >0.0115602592828992</scaling>
	<landmarks.pixel type=matrix rownames=TRUE colnames=FALSE nrow=2 ncol=2 as.numeric=TRUE >
		LM01	286	84
		LM02	222	40
	</landmarks.pixel>
	<landmarks.scaled type=matrix rownames=TRUE colnames=FALSE nrow=2 ncol=2 as.numeric=TRUE >
		LM01	3.30623415490916	-0.97106177976353
		LM02	2.56637756080361	-0.462410371315967
	</landmarks.scaled>
	<curves.control type=list>
		<curveLM03 type=matrix rownames=FALSE colnames=FALSE nrow=5 ncol=2 as.numeric=TRUE >
			286	84
			322	70
			312	35
			293	11
			222	40
		</curveLM03>
	</curves.control>
	<curves.pixel type=list>
		<curveLM03 type=matrix rownames=FALSE colnames=FALSE nrow=153 ncol=2 as.numeric=TRUE >
			286	84
			287	84
			288	83
			289	83
			290	83
			290	82
			291	82
			292	81
			293	81
			294	81
			294	80
			295	80
			296	79
			297	79
			297	78
			298	78
			299	77
			300	77
			301	76
			302	75
			303	74
			304	73
			305	73
			305	72
			306	71
			307	70
			308	69
			309	68
			309	67
			310	66
			310	65
			311	64
			312	63
			312	62
			312	61
			313	60
			313	59
			313	58
			313	57
			313	56
			314	56
			314	55
			314	54
			314	53
			314	52
			314	51
			314	50
			314	49
			314	48
			314	47
			314	46
			314	45
			314	44
			314	43
			314	42
			313	41
			313	40
			313	39
			313	38
			312	37
			312	36
			312	35
			311	34
			311	33
			310	33
			309	32
			308	31
			307	30
			306	29
			305	29
			304	28
			303	28
			302	27
			301	27
			300	27
			299	26
			298	26
			297	26
			296	25
			295	25
			294	25
			293	25
			292	25
			291	25
			290	24
			289	24
			288	24
			287	24
			286	24
			285	24
			284	24
			283	24
			282	24
			281	24
			280	24
			279	24
			278	24
			277	24
			276	25
			275	25
			274	25
			273	25
			272	25
			271	25
			270	25
			269	25
			268	26
			267	26
			266	26
			265	26
			264	26
			263	27
			262	27
			261	27
			260	27
			259	28
			258	28
			257	28
			256	28
			255	29
			254	29
			253	29
			252	29
			251	30
			250	30
			249	30
			248	31
			247	31
			246	31
			245	32
			244	32
			243	32
			242	33
			241	33
			240	33
			239	34
			238	34
			237	34
			236	35
			235	35
			234	35
			233	36
			232	36
			231	36
			230	37
			229	37
			228	38
			227	38
			226	38
			225	39
			224	39
			223	40
			222	40
		</curveLM03>
	</curves.pixel>
	<curves.scaled type=list>
		<curveLM03 type=matrix rownames=FALSE colnames=FALSE nrow=153 ncol=2 as.numeric=TRUE >
			3.30623415490916	-0.97106177976353
			3.31779441419206	-0.97106177976353
			3.32935467347496	-0.959501520480631
			3.34091493275786	-0.959501520480631
			3.35247519204076	-0.959501520480631
			3.35247519204076	-0.947941261197731
			3.36403545132366	-0.947941261197731
			3.37559571060656	-0.936381001914832
			3.38715596988945	-0.936381001914832
			3.39871622917235	-0.936381001914832
			3.39871622917235	-0.924820742631933
			3.41027648845525	-0.924820742631933
			3.42183674773815	-0.913260483349034
			3.43339700702105	-0.913260483349034
			3.43339700702105	-0.901700224066135
			3.44495726630395	-0.901700224066135
			3.45651752558685	-0.890139964783236
			3.46807778486975	-0.890139964783236
			3.47963804415265	-0.878579705500336
			3.49119830343555	-0.867019446217437
			3.50275856271845	-0.855459186934538
			3.51431882200135	-0.843898927651639
			3.52587908128424	-0.843898927651639
			3.52587908128424	-0.83233866836874
			3.53743934056714	-0.820778409085841
			3.54899959985004	-0.809218149802941
			3.56055985913294	-0.797657890520042
			3.57212011841584	-0.786097631237143
			3.57212011841584	-0.774537371954244
			3.58368037769874	-0.762977112671345
			3.58368037769874	-0.751416853388446
			3.59524063698164	-0.739856594105546
			3.60680089626454	-0.728296334822647
			3.60680089626454	-0.716736075539748
			3.60680089626454	-0.705175816256849
			3.61836115554744	-0.69361555697395
			3.61836115554744	-0.682055297691051
			3.61836115554744	-0.670495038408152
			3.61836115554744	-0.658934779125252
			3.61836115554744	-0.647374519842353
			3.62992141483034	-0.647374519842353
			3.62992141483034	-0.635814260559454
			3.62992141483034	-0.624254001276555
			3.62992141483034	-0.612693741993656
			3.62992141483034	-0.601133482710757
			3.62992141483034	-0.589573223427857
			3.62992141483034	-0.578012964144958
			3.62992141483034	-0.566452704862059
			3.62992141483034	-0.55489244557916
			3.62992141483034	-0.543332186296261
			3.62992141483034	-0.531771927013362
			3.62992141483034	-0.520211667730462
			3.62992141483034	-0.508651408447563
			3.62992141483034	-0.497091149164664
			3.62992141483034	-0.485530889881765
			3.61836115554744	-0.473970630598866
			3.61836115554744	-0.462410371315967
			3.61836115554744	-0.450850112033067
			3.61836115554744	-0.439289852750168
			3.60680089626454	-0.427729593467269
			3.60680089626454	-0.41616933418437
			3.60680089626454	-0.404609074901471
			3.59524063698164	-0.393048815618572
			3.59524063698164	-0.381488556335672
			3.58368037769874	-0.381488556335672
			3.57212011841584	-0.369928297052773
			3.56055985913294	-0.358368037769874
			3.54899959985004	-0.346807778486975
			3.53743934056714	-0.335247519204076
			3.52587908128424	-0.335247519204076
			3.51431882200135	-0.323687259921177
			3.50275856271845	-0.323687259921177
			3.49119830343555	-0.312127000638277
			3.47963804415265	-0.312127000638277
			3.46807778486975	-0.312127000638277
			3.45651752558685	-0.300566741355378
			3.44495726630395	-0.300566741355378
			3.43339700702105	-0.300566741355378
			3.42183674773815	-0.289006482072479
			3.41027648845525	-0.289006482072479
			3.39871622917235	-0.289006482072479
			3.38715596988945	-0.289006482072479
			3.37559571060656	-0.289006482072479
			3.36403545132366	-0.289006482072479
			3.35247519204076	-0.27744622278958
			3.34091493275786	-0.27744622278958
			3.32935467347496	-0.27744622278958
			3.31779441419206	-0.27744622278958
			3.30623415490916	-0.27744622278958
			3.29467389562626	-0.27744622278958
			3.28311363634336	-0.27744622278958
			3.27155337706046	-0.27744622278958
			3.25999311777756	-0.27744622278958
			3.24843285849466	-0.27744622278958
			3.23687259921177	-0.27744622278958
			3.22531233992887	-0.27744622278958
			3.21375208064597	-0.27744622278958
			3.20219182136307	-0.27744622278958
			3.19063156208017	-0.289006482072479
			3.17907130279727	-0.289006482072479
			3.16751104351437	-0.289006482072479
			3.15595078423147	-0.289006482072479
			3.14439052494857	-0.289006482072479
			3.13283026566567	-0.289006482072479
			3.12127000638277	-0.289006482072479
			3.10970974709987	-0.289006482072479
			3.09814948781698	-0.300566741355378
			3.08658922853408	-0.300566741355378
			3.07502896925118	-0.300566741355378
			3.06346870996828	-0.300566741355378
			3.05190845068538	-0.300566741355378
			3.04034819140248	-0.312127000638277
			3.02878793211958	-0.312127000638277
			3.01722767283668	-0.312127000638277
			3.00566741355378	-0.312127000638277
			2.99410715427088	-0.323687259921177
			2.98254689498798	-0.323687259921177
			2.97098663570508	-0.323687259921177
			2.95942637642219	-0.323687259921177
			2.94786611713929	-0.335247519204076
			2.93630585785639	-0.335247519204076
			2.92474559857349	-0.335247519204076
			2.91318533929059	-0.335247519204076
			2.90162508000769	-0.346807778486975
			2.89006482072479	-0.346807778486975
			2.87850456144189	-0.346807778486975
			2.86694430215899	-0.358368037769874
			2.85538404287609	-0.358368037769874
			2.84382378359319	-0.358368037769874
			2.8322635243103	-0.369928297052773
			2.8207032650274	-0.369928297052773
			2.8091430057445	-0.369928297052773
			2.7975827464616	-0.381488556335672
			2.7860224871787	-0.381488556335672
			2.7744622278958	-0.381488556335672
			2.7629019686129	-0.393048815618572
			2.75134170933	-0.393048815618572
			2.7397814500471	-0.393048815618572
			2.7282211907642	-0.404609074901471
			2.7166609314813	-0.404609074901471
			2.7051006721984	-0.404609074901471
			2.69354041291551	-0.41616933418437
			2.68198015363261	-0.41616933418437
			2.67041989434971	-0.41616933418437
			2.65885963506681	-0.427729593467269
			2.64729937578391	-0.427729593467269
			2.63573911650101	-0.439289852750168
			2.62417885721811	-0.439289852750168
			2.61261859793521	-0.439289852750168
			2.60105833865231	-0.450850112033067
			2.58949807936941	-0.450850112033067
			2.57793782008651	-0.462410371315967
			2.56637756080361	-0.462410371315967
		</curveLM03>
	</curves.scaled>
	<ruler.points type=matrix rownames=TRUE colnames=FALSE nrow=4 ncol=2 as.numeric=TRUE >
		Ruler point 1	124	439
		Ruler point 2	210	440
		Ruler point 3	297	439
		Ruler point 4	384	439
	</ruler.points>
</shapes>

