<shapes type=list>
	<ruler.pixel type=vector names=FALSE length=1 as.numeric=TRUE >86.3333333333333</ruler.pixel>
	<ruler.interval type=vector names=FALSE length=1 as.numeric=TRUE >1</ruler.interval>
	<scaling.units type=vector names=FALSE length=1 as.numeric=FALSE >cm</scaling.units>
	<scaling type=vector names=FALSE length=1 as.numeric=TRUE >0.0115830115830116</scaling>
	<landmarks.pixel type=matrix rownames=TRUE colnames=FALSE nrow=2 ncol=2 as.numeric=TRUE >
		LM01	280	146
		LM02	215	41
	</landmarks.pixel>
	<landmarks.scaled type=matrix rownames=TRUE colnames=FALSE nrow=2 ncol=2 as.numeric=TRUE >
		LM01	3.24324324324324	-1.69111969111969
		LM02	2.49034749034749	-0.474903474903475
	</landmarks.scaled>
	<curves.control type=list>
		<curveLM03 type=matrix rownames=FALSE colnames=FALSE nrow=5 ncol=2 as.numeric=TRUE >
			280	146
			341	78
			333	69
			316	46
			215	41
		</curveLM03>
	</curves.control>
	<curves.pixel type=list>
		<curveLM03 type=matrix rownames=FALSE colnames=FALSE nrow=206 ncol=2 as.numeric=TRUE >
			280	146
			281	145
			282	144
			283	143
			284	142
			284	141
			285	141
			285	140
			286	139
			287	138
			288	137
			289	136
			290	135
			291	134
			291	133
			292	132
			293	132
			293	131
			294	130
			295	129
			295	128
			296	128
			297	127
			297	126
			298	125
			299	125
			299	124
			300	123
			301	122
			302	121
			303	120
			303	119
			304	118
			305	117
			306	116
			307	115
			308	114
			309	113
			309	112
			310	111
			311	110
			312	109
			312	108
			313	107
			314	106
			314	105
			315	104
			316	104
			317	103
			317	102
			318	101
			318	100
			319	99
			320	99
			320	98
			321	97
			321	96
			322	95
			323	94
			324	93
			324	92
			325	91
			325	90
			326	90
			326	89
			327	88
			327	87
			328	86
			329	85
			330	84
			330	83
			330	82
			331	81
			331	80
			332	80
			332	79
			332	78
			333	78
			333	77
			333	76
			333	75
			334	74
			334	73
			334	72
			334	71
			334	70
			333	69
			332	68
			331	67
			330	66
			329	65
			328	64
			327	63
			326	62
			325	62
			324	61
			323	61
			322	60
			321	59
			320	59
			319	58
			318	58
			317	58
			316	57
			315	57
			314	56
			313	56
			312	55
			311	55
			310	55
			309	54
			308	54
			307	54
			306	53
			305	53
			304	53
			303	52
			302	52
			301	52
			300	52
			299	51
			298	51
			297	51
			296	51
			295	51
			294	50
			293	50
			292	50
			291	50
			290	49
			289	49
			288	49
			287	49
			286	48
			285	48
			284	48
			283	48
			282	48
			281	48
			280	48
			280	47
			279	47
			278	47
			277	47
			276	47
			275	47
			274	47
			273	46
			272	46
			271	46
			270	46
			269	46
			268	46
			267	45
			266	45
			265	45
			264	45
			263	45
			262	45
			261	45
			260	45
			259	44
			258	44
			257	44
			256	44
			255	44
			254	44
			253	44
			252	44
			251	44
			250	43
			249	43
			248	43
			247	43
			246	43
			245	43
			244	43
			243	43
			242	43
			241	43
			240	43
			239	43
			238	42
			237	42
			236	42
			235	42
			234	42
			233	42
			232	42
			231	42
			230	42
			229	42
			228	42
			227	42
			226	42
			225	42
			224	41
			223	41
			222	41
			221	41
			220	41
			219	41
			218	41
			217	41
			216	41
			215	41
		</curveLM03>
	</curves.pixel>
	<curves.scaled type=list>
		<curveLM03 type=matrix rownames=FALSE colnames=FALSE nrow=206 ncol=2 as.numeric=TRUE >
			3.24324324324324	-1.69111969111969
			3.25482625482626	-1.67953667953668
			3.26640926640927	-1.66795366795367
			3.27799227799228	-1.65637065637066
			3.28957528957529	-1.64478764478765
			3.28957528957529	-1.63320463320463
			3.3011583011583	-1.63320463320463
			3.3011583011583	-1.62162162162162
			3.31274131274131	-1.61003861003861
			3.32432432432432	-1.5984555984556
			3.33590733590734	-1.58687258687259
			3.34749034749035	-1.57528957528958
			3.35907335907336	-1.56370656370656
			3.37065637065637	-1.55212355212355
			3.37065637065637	-1.54054054054054
			3.38223938223938	-1.52895752895753
			3.39382239382239	-1.52895752895753
			3.39382239382239	-1.51737451737452
			3.40540540540541	-1.50579150579151
			3.41698841698842	-1.49420849420849
			3.41698841698842	-1.48262548262548
			3.42857142857143	-1.48262548262548
			3.44015444015444	-1.47104247104247
			3.44015444015444	-1.45945945945946
			3.45173745173745	-1.44787644787645
			3.46332046332046	-1.44787644787645
			3.46332046332046	-1.43629343629344
			3.47490347490348	-1.42471042471042
			3.48648648648649	-1.41312741312741
			3.4980694980695	-1.4015444015444
			3.50965250965251	-1.38996138996139
			3.50965250965251	-1.37837837837838
			3.52123552123552	-1.36679536679537
			3.53281853281853	-1.35521235521236
			3.54440154440154	-1.34362934362934
			3.55598455598456	-1.33204633204633
			3.56756756756757	-1.32046332046332
			3.57915057915058	-1.30888030888031
			3.57915057915058	-1.2972972972973
			3.59073359073359	-1.28571428571429
			3.6023166023166	-1.27413127413127
			3.61389961389961	-1.26254826254826
			3.61389961389961	-1.25096525096525
			3.62548262548263	-1.23938223938224
			3.63706563706564	-1.22779922779923
			3.63706563706564	-1.21621621621622
			3.64864864864865	-1.2046332046332
			3.66023166023166	-1.2046332046332
			3.67181467181467	-1.19305019305019
			3.67181467181467	-1.18146718146718
			3.68339768339768	-1.16988416988417
			3.68339768339768	-1.15830115830116
			3.6949806949807	-1.14671814671815
			3.70656370656371	-1.14671814671815
			3.70656370656371	-1.13513513513514
			3.71814671814672	-1.12355212355212
			3.71814671814672	-1.11196911196911
			3.72972972972973	-1.1003861003861
			3.74131274131274	-1.08880308880309
			3.75289575289575	-1.07722007722008
			3.75289575289575	-1.06563706563707
			3.76447876447876	-1.05405405405405
			3.76447876447876	-1.04247104247104
			3.77606177606178	-1.04247104247104
			3.77606177606178	-1.03088803088803
			3.78764478764479	-1.01930501930502
			3.78764478764479	-1.00772200772201
			3.7992277992278	-0.996138996138996
			3.81081081081081	-0.984555984555985
			3.82239382239382	-0.972972972972973
			3.82239382239382	-0.961389961389961
			3.82239382239382	-0.94980694980695
			3.83397683397683	-0.938223938223938
			3.83397683397683	-0.926640926640927
			3.84555984555985	-0.926640926640927
			3.84555984555985	-0.915057915057915
			3.84555984555985	-0.903474903474904
			3.85714285714286	-0.903474903474904
			3.85714285714286	-0.891891891891892
			3.85714285714286	-0.88030888030888
			3.85714285714286	-0.868725868725869
			3.86872586872587	-0.857142857142857
			3.86872586872587	-0.845559845559846
			3.86872586872587	-0.833976833976834
			3.86872586872587	-0.822393822393823
			3.86872586872587	-0.810810810810811
			3.85714285714286	-0.799227799227799
			3.84555984555985	-0.787644787644788
			3.83397683397683	-0.776061776061776
			3.82239382239382	-0.764478764478765
			3.81081081081081	-0.752895752895753
			3.7992277992278	-0.741312741312741
			3.78764478764479	-0.72972972972973
			3.77606177606178	-0.718146718146718
			3.76447876447876	-0.718146718146718
			3.75289575289575	-0.706563706563707
			3.74131274131274	-0.706563706563707
			3.72972972972973	-0.694980694980695
			3.71814671814672	-0.683397683397683
			3.70656370656371	-0.683397683397683
			3.6949806949807	-0.671814671814672
			3.68339768339768	-0.671814671814672
			3.67181467181467	-0.671814671814672
			3.66023166023166	-0.66023166023166
			3.64864864864865	-0.66023166023166
			3.63706563706564	-0.648648648648649
			3.62548262548263	-0.648648648648649
			3.61389961389961	-0.637065637065637
			3.6023166023166	-0.637065637065637
			3.59073359073359	-0.637065637065637
			3.57915057915058	-0.625482625482626
			3.56756756756757	-0.625482625482626
			3.55598455598456	-0.625482625482626
			3.54440154440154	-0.613899613899614
			3.53281853281853	-0.613899613899614
			3.52123552123552	-0.613899613899614
			3.50965250965251	-0.602316602316602
			3.4980694980695	-0.602316602316602
			3.48648648648649	-0.602316602316602
			3.47490347490348	-0.602316602316602
			3.46332046332046	-0.590733590733591
			3.45173745173745	-0.590733590733591
			3.44015444015444	-0.590733590733591
			3.42857142857143	-0.590733590733591
			3.41698841698842	-0.590733590733591
			3.40540540540541	-0.579150579150579
			3.39382239382239	-0.579150579150579
			3.38223938223938	-0.579150579150579
			3.37065637065637	-0.579150579150579
			3.35907335907336	-0.567567567567568
			3.34749034749035	-0.567567567567568
			3.33590733590734	-0.567567567567568
			3.32432432432432	-0.567567567567568
			3.31274131274131	-0.555984555984556
			3.3011583011583	-0.555984555984556
			3.28957528957529	-0.555984555984556
			3.27799227799228	-0.555984555984556
			3.26640926640927	-0.555984555984556
			3.25482625482626	-0.555984555984556
			3.24324324324324	-0.555984555984556
			3.24324324324324	-0.544401544401544
			3.23166023166023	-0.544401544401544
			3.22007722007722	-0.544401544401544
			3.20849420849421	-0.544401544401544
			3.1969111969112	-0.544401544401544
			3.18532818532819	-0.544401544401544
			3.17374517374517	-0.544401544401544
			3.16216216216216	-0.532818532818533
			3.15057915057915	-0.532818532818533
			3.13899613899614	-0.532818532818533
			3.12741312741313	-0.532818532818533
			3.11583011583012	-0.532818532818533
			3.1042471042471	-0.532818532818533
			3.09266409266409	-0.521235521235521
			3.08108108108108	-0.521235521235521
			3.06949806949807	-0.521235521235521
			3.05791505791506	-0.521235521235521
			3.04633204633205	-0.521235521235521
			3.03474903474903	-0.521235521235521
			3.02316602316602	-0.521235521235521
			3.01158301158301	-0.521235521235521
			3	-0.50965250965251
			2.98841698841699	-0.50965250965251
			2.97683397683398	-0.50965250965251
			2.96525096525097	-0.50965250965251
			2.95366795366795	-0.50965250965251
			2.94208494208494	-0.50965250965251
			2.93050193050193	-0.50965250965251
			2.91891891891892	-0.50965250965251
			2.90733590733591	-0.50965250965251
			2.8957528957529	-0.498069498069498
			2.88416988416988	-0.498069498069498
			2.87258687258687	-0.498069498069498
			2.86100386100386	-0.498069498069498
			2.84942084942085	-0.498069498069498
			2.83783783783784	-0.498069498069498
			2.82625482625483	-0.498069498069498
			2.81467181467182	-0.498069498069498
			2.8030888030888	-0.498069498069498
			2.79150579150579	-0.498069498069498
			2.77992277992278	-0.498069498069498
			2.76833976833977	-0.498069498069498
			2.75675675675676	-0.486486486486487
			2.74517374517375	-0.486486486486487
			2.73359073359073	-0.486486486486487
			2.72200772200772	-0.486486486486487
			2.71042471042471	-0.486486486486487
			2.6988416988417	-0.486486486486487
			2.68725868725869	-0.486486486486487
			2.67567567567568	-0.486486486486487
			2.66409266409266	-0.486486486486487
			2.65250965250965	-0.486486486486487
			2.64092664092664	-0.486486486486487
			2.62934362934363	-0.486486486486487
			2.61776061776062	-0.486486486486487
			2.60617760617761	-0.486486486486487
			2.59459459459459	-0.474903474903475
			2.58301158301158	-0.474903474903475
			2.57142857142857	-0.474903474903475
			2.55984555984556	-0.474903474903475
			2.54826254826255	-0.474903474903475
			2.53667953667954	-0.474903474903475
			2.52509652509653	-0.474903474903475
			2.51351351351351	-0.474903474903475
			2.5019305019305	-0.474903474903475
			2.49034749034749	-0.474903474903475
		</curveLM03>
	</curves.scaled>
	<ruler.points type=matrix rownames=TRUE colnames=FALSE nrow=4 ncol=2 as.numeric=TRUE >
		Ruler point 1	124	594
		Ruler point 2	210	594
		Ruler point 3	297	595
		Ruler point 4	383	594
	</ruler.points>
</shapes>

