<shapes type=list>
	<ruler.pixel type=vector names=FALSE length=1 as.numeric=TRUE >86.3333333333333</ruler.pixel>
	<ruler.interval type=vector names=FALSE length=1 as.numeric=TRUE >1</ruler.interval>
	<scaling.units type=vector names=FALSE length=1 as.numeric=FALSE >cm</scaling.units>
	<scaling type=vector names=FALSE length=1 as.numeric=TRUE >0.0115830115830116</scaling>
	<landmarks.pixel type=matrix rownames=TRUE colnames=FALSE nrow=2 ncol=2 as.numeric=TRUE >
		LM01	271	67
		LM02	240	26
	</landmarks.pixel>
	<landmarks.scaled type=matrix rownames=TRUE colnames=FALSE nrow=2 ncol=2 as.numeric=TRUE >
		LM01	3.13899613899614	-0.776061776061776
		LM02	2.77992277992278	-0.301158301158301
	</landmarks.scaled>
	<curves.control type=list>
		<curveLM03 type=matrix rownames=FALSE colnames=FALSE nrow=5 ncol=2 as.numeric=TRUE >
			271	67
			300	58
			303	39
			290	21
			240	26
		</curveLM03>
	</curves.control>
	<curves.pixel type=list>
		<curveLM03 type=matrix rownames=FALSE colnames=FALSE nrow=106 ncol=2 as.numeric=TRUE >
			271	67
			272	67
			273	66
			274	66
			275	66
			276	65
			277	65
			278	65
			279	64
			280	64
			281	63
			282	63
			283	62
			284	62
			285	61
			286	61
			287	60
			288	60
			289	59
			290	59
			290	58
			291	57
			292	57
			293	56
			294	55
			295	54
			296	53
			297	52
			298	51
			298	50
			299	49
			300	48
			301	47
			301	46
			301	45
			302	44
			302	43
			302	42
			303	41
			303	40
			303	39
			302	38
			302	37
			301	37
			300	36
			299	35
			299	34
			298	34
			297	33
			296	33
			295	32
			294	31
			293	31
			292	30
			291	30
			290	29
			289	29
			288	29
			287	28
			286	28
			285	28
			284	27
			283	27
			282	27
			281	27
			280	27
			279	26
			278	26
			277	26
			276	26
			275	26
			274	26
			273	26
			272	25
			271	25
			270	25
			269	25
			268	25
			267	25
			266	25
			265	25
			264	25
			263	25
			262	25
			261	25
			260	25
			259	25
			258	25
			257	25
			256	25
			255	25
			254	25
			253	25
			252	25
			251	25
			250	25
			249	25
			248	25
			247	25
			246	25
			245	26
			244	26
			243	26
			242	26
			241	26
			240	26
		</curveLM03>
	</curves.pixel>
	<curves.scaled type=list>
		<curveLM03 type=matrix rownames=FALSE colnames=FALSE nrow=106 ncol=2 as.numeric=TRUE >
			3.13899613899614	-0.776061776061776
			3.15057915057915	-0.776061776061776
			3.16216216216216	-0.764478764478765
			3.17374517374517	-0.764478764478765
			3.18532818532819	-0.764478764478765
			3.1969111969112	-0.752895752895753
			3.20849420849421	-0.752895752895753
			3.22007722007722	-0.752895752895753
			3.23166023166023	-0.741312741312741
			3.24324324324324	-0.741312741312741
			3.25482625482626	-0.72972972972973
			3.26640926640927	-0.72972972972973
			3.27799227799228	-0.718146718146718
			3.28957528957529	-0.718146718146718
			3.3011583011583	-0.706563706563707
			3.31274131274131	-0.706563706563707
			3.32432432432432	-0.694980694980695
			3.33590733590734	-0.694980694980695
			3.34749034749035	-0.683397683397683
			3.35907335907336	-0.683397683397683
			3.35907335907336	-0.671814671814672
			3.37065637065637	-0.66023166023166
			3.38223938223938	-0.66023166023166
			3.39382239382239	-0.648648648648649
			3.40540540540541	-0.637065637065637
			3.41698841698842	-0.625482625482626
			3.42857142857143	-0.613899613899614
			3.44015444015444	-0.602316602316602
			3.45173745173745	-0.590733590733591
			3.45173745173745	-0.579150579150579
			3.46332046332046	-0.567567567567568
			3.47490347490348	-0.555984555984556
			3.48648648648649	-0.544401544401544
			3.48648648648649	-0.532818532818533
			3.48648648648649	-0.521235521235521
			3.4980694980695	-0.50965250965251
			3.4980694980695	-0.498069498069498
			3.4980694980695	-0.486486486486487
			3.50965250965251	-0.474903474903475
			3.50965250965251	-0.463320463320463
			3.50965250965251	-0.451737451737452
			3.4980694980695	-0.44015444015444
			3.4980694980695	-0.428571428571429
			3.48648648648649	-0.428571428571429
			3.47490347490348	-0.416988416988417
			3.46332046332046	-0.405405405405405
			3.46332046332046	-0.393822393822394
			3.45173745173745	-0.393822393822394
			3.44015444015444	-0.382239382239382
			3.42857142857143	-0.382239382239382
			3.41698841698842	-0.370656370656371
			3.40540540540541	-0.359073359073359
			3.39382239382239	-0.359073359073359
			3.38223938223938	-0.347490347490348
			3.37065637065637	-0.347490347490348
			3.35907335907336	-0.335907335907336
			3.34749034749035	-0.335907335907336
			3.33590733590734	-0.335907335907336
			3.32432432432432	-0.324324324324324
			3.31274131274131	-0.324324324324324
			3.3011583011583	-0.324324324324324
			3.28957528957529	-0.312741312741313
			3.27799227799228	-0.312741312741313
			3.26640926640927	-0.312741312741313
			3.25482625482626	-0.312741312741313
			3.24324324324324	-0.312741312741313
			3.23166023166023	-0.301158301158301
			3.22007722007722	-0.301158301158301
			3.20849420849421	-0.301158301158301
			3.1969111969112	-0.301158301158301
			3.18532818532819	-0.301158301158301
			3.17374517374517	-0.301158301158301
			3.16216216216216	-0.301158301158301
			3.15057915057915	-0.28957528957529
			3.13899613899614	-0.28957528957529
			3.12741312741313	-0.28957528957529
			3.11583011583012	-0.28957528957529
			3.1042471042471	-0.28957528957529
			3.09266409266409	-0.28957528957529
			3.08108108108108	-0.28957528957529
			3.06949806949807	-0.28957528957529
			3.05791505791506	-0.28957528957529
			3.04633204633205	-0.28957528957529
			3.03474903474903	-0.28957528957529
			3.02316602316602	-0.28957528957529
			3.01158301158301	-0.28957528957529
			3	-0.28957528957529
			2.98841698841699	-0.28957528957529
			2.97683397683398	-0.28957528957529
			2.96525096525097	-0.28957528957529
			2.95366795366795	-0.28957528957529
			2.94208494208494	-0.28957528957529
			2.93050193050193	-0.28957528957529
			2.91891891891892	-0.28957528957529
			2.90733590733591	-0.28957528957529
			2.8957528957529	-0.28957528957529
			2.88416988416988	-0.28957528957529
			2.87258687258687	-0.28957528957529
			2.86100386100386	-0.28957528957529
			2.84942084942085	-0.28957528957529
			2.83783783783784	-0.301158301158301
			2.82625482625483	-0.301158301158301
			2.81467181467182	-0.301158301158301
			2.8030888030888	-0.301158301158301
			2.79150579150579	-0.301158301158301
			2.77992277992278	-0.301158301158301
		</curveLM03>
	</curves.scaled>
	<ruler.points type=matrix rownames=TRUE colnames=FALSE nrow=4 ncol=2 as.numeric=TRUE >
		Ruler point 1	125	451
		Ruler point 2	211	451
		Ruler point 3	298	451
		Ruler point 4	384	451
	</ruler.points>
</shapes>

